4 0.0
8 0.0
12 0.0
16 0.0
20 0.0
24 0.0
28 0.0
32 0.0
36 0.0
40 0.0
44 0.0
48 0.0
52 0.0
56 0.0
60 0.0
64 0.0
68 0.0
72 0.0
76 0.0
80 0.0
84 0.0
88 0.0
92 0.0
96 0.0
1 0.0
2 0.0
3 0.0
4 0.0
1 0.0
1 0.0
2 0.0
3 0.0
4 0.0
5 0.0
1 0.06030754290429801
2 0.061827842049059833
3 0.09123424816566432
4 0.16578749489720015
5 0.19054231098357768
6 0.2253302369634096
7 0.27957304450779086
8 0.35222099207631
9 0.3035213073325562
10 0.33776099664362885
11 0.3988315570043188
12 0.4013760868888267
13 0.3964615956211042
14 0.3793755440400277
15 0.42851729924501963
16 0.4221410650247189
17 0.4286384615477474
18 0.5282498600885095
19 0.4748875844245351
20 0.5294755736383564
21 0.5569372020239048
1 0.044103376259730424
1 0.0526016325621964
2 0.07450795046266746
3 0.06520213761339999
4 0.15606770447178536
5 0.2000658029872189
6 0.26023825811757006
