1 0.1050107856077886
2 0.12299446633383798
3 0.12152380496363631
4 0.1293008934947337
5 0.2808222456759992
6 0.21193643438308588
7 0.27662811565391116
8 0.31092843401224896
9 0.41981327029027954
10 0.37641793153215114
11 0.49152861330206093
12 0.43665147614278593
13 0.34139051697231926
14 0.4067338563324678
15 0.5110464987962802
16 0.503167683476404
17 0.5150120185864786
18 0.49537751984731826
19 0.5763286380181047
20 0.5391952255398057
21 0.5263134692126382
22 0.4903475484102708
23 0.6074613249876984
24 0.5836614925081378
25 0.5957292905932374
26 0.6662502395970927
27 0.597446006274029
28 0.5809462343912947
29 0.6285691904651651
30 0.587950347611599
31 0.6135641700781747
32 0.6701709886353747
33 0.6079898820467154
34 0.6569748113341332
35 0.6559800773610925
36 0.6729821728522024
37 0.6953592583264036
38 0.6855645525736527
39 0.66709199508406
40 0.6925718599317472
41 0.6555355817180596
42 0.6651430993661296
43 0.7247515065749985
44 0.7130504953348433
45 0.6966590472346426
46 0.6934070709475629
47 0.734560661734309
48 0.7058291185358002
49 0.7184027473800408
50 0.6987990243960366
51 0.6049147479264924
52 0.6841081651605524
53 0.6790021308946222
54 0.7008262084793503
55 0.6860089897814534
56 0.6659529398107559
57 0.7145980436112483
58 0.6545847112308513
59 0.672718661912786
60 0.6896200151217582
61 0.7732405601360963
62 0.7306804627628116
63 0.7012200883166267
64 0.705268878094569
65 0.7291077798491878
66 0.7263215120176342
67 0.7127592357529364
68 0.7409779635276111
69 0.7391975835562055
70 0.7197813747366297
71 0.7111103900058698
72 0.7191211144612728
73 0.7113151677768185
74 0.7303669104493878
75 0.7217925634908061
76 0.7126563570383034
77 0.7462677102794001
78 0.7306910495660025
79 0.6863506772701381
80 0.7498189272786919
81 0.7144417366307099
82 0.7513272106964778
83 0.694348948089842
84 0.7256585963920946
85 0.7295347106922279
86 0.7144922118678878
87 0.7026265954106959
88 0.6877445382777345
89 0.7388164566983701
90 0.7100477176156835
91 0.7188109350677003
92 0.7086575972124762
93 0.7181545345817432
94 0.728428858338746
95 0.6858490180248531
96 0.7152365200992494
97 0.7195566037188272
98 0.7226577374522332
99 0.737962311750162
1 0.058360195344513
2 0.0664697402015947
3 0.20300267753818357
4 0.0
5 0.0
6 0.0
7 2.024382974063492e-05
8 0.00015777945195344283
9 0.0
10 9.606378541587203e-05
11 0.0
1 0.05706495599262363
2 0.10755004043197046
3 0.1360007310263024
4 0.13164042573942816
5 0.1705954829595389
6 0.24603641493494052
7 0.3123221539824944
8 0.33036702830756925
9 0.2755432167117905
10 0.3156299997323402
11 0.42608514186224306
12 0.4119385781663729
13 0.38754661597803436
14 0.36010802977341005
15 0.4840000723475535
16 0.4815477295897858
17 0.39497374401165447
18 0.4604992824325567
19 0.45466417578180596
20 0.4623612151309068
21 0.5270957171611986
22 0.3898790383166527
23 0.4475384516707474
24 0.5493184062311973
25 0.5035887033129536
26 0.6047775829449041
27 0.49971800932299765
28 0.4874874621188758
29 0.5535449196166167
30 0.6028513834125445
31 0.5298885928206727
32 0.5115510468915844
33 0.503335671480681
34 0.5517413470136828
35 0.5462551137231245
36 0.5982921092217679
37 0.5564487018105428
38 0.19832584968601355
39 0.5930171462672941
40 0.5451068396939335
41 0.5896062121174568
42 0.5666001787543811
43 0.5710966672679466
44 0.5629720962733277
45 0.6287638836537675
46 0.6167740468207367
47 0.5484496098959761
48 0.5892786197039408
49 0.5808172879540331
50 0.6538647999803521
51 0.630361202479423
52 0.6179639415066861
53 0.6773045886440294
54 0.6512821654962542
55 0.6630687437812455
56 0.4865775726615468
57 0.6924056129843099
58 0.6259832957185649
59 0.6871894660962329
60 0.7437432636647068
61 0.7600106035302844
62 0.6358045933210628
63 0.6376237776823419
64 0.6991421469435272
65 0.6417094775007304
66 0.7390860053978789
67 0.7256115159243961
68 0.7315517930265457
69 0.7493820701234677
70 0.10138890545274791
71 0.5574693642327875
72 0.6489791759991842
73 0.6801079157493495
74 0.6392583052037326
75 0.68514880167355
76 0.694677959234995
